function [p0 p1 p2 p3 p4 p5 ] = points_fun2(x,y)


p0 = [x,y];

p1 = p0 + [ -0.2 -0.2]; %[0.2 0.2]

p2 = p1 + [-0.2 -0.2];

p3 = p2 + [0.2 0.2];

p4 = p3 + [0.2 0.2];

p5 = p4 + [0.01 0.01];


end